mid,ave
0,1.078
1,1.000
2,1.078
3,1.095
4,1.022
5,1.000
6,1.065
7,1.049
8,1.061
9,1.014
10,1.000
11,1.355
12,11.000
13,1.082
14,1.030
15,1.325
16,1.010
17,1.039
18,1.063
19,1.152
20,1.006
21,1.000
22,1.270
23,1.030
24,1.157
25,1.090
26,1.058
27,1.036
28,1.000
29,1.384
30,1.409
31,1.124
32,1.455
33,1.124
34,1.788
35,1.167
36,1.154
37,1.085
38,1.000
39,1.000
40,1.006
41,1.011
42,1.034
43,1.077
44,1.750
45,1.055
46,1.055
47,1.000
48,1.000
49,1.010
50,1.000
51,1.043
52,1.015
53,1.096
54,2.182
55,1.071
56,1.000
57,1.111
58,1.000
59,1.000
60,1.000
61,3.850
62,4.415
63,1.018
64,1.086
65,1.065
66,1.012
67,1.073
68,1.038
69,1.078
70,1.029
71,1.118
72,1.198
73,1.333
74,1.500
75,1.080
76,1.020
77,1.000
78,1.000
79,1.026
80,1.000
81,1.036
82,1.083
83,1.127
84,1.000
85,4.000
86,1.600
87,1.000
88,1.000
89,1.108
90,1.000
91,1.000
92,1.159
93,1.115
94,1.109
95,1.125
96,1.500
97,1.235
98,1.147
99,1.158
100,2.000
101,1.065
102,1.052
103,1.000
104,1.667
105,1.086
106,1.200
107,1.000
108,1.167
109,1.235
110,1.172
111,1.234
112,1.292
113,1.000
114,1.145
115,2.000
116,1.000
117,1.058
118,1.106
119,1.021
120,1.000
121,1.012
122,1.214
123,1.041
124,1.074
125,1.019
126,1.000
127,1.429
128,1.148
129,1.000
130,1.151
131,1.333
132,1.083
133,1.042
134,1.192
135,1.051
136,1.241
137,7.000
138,1.106
139,1.202
140,1.257
141,1.035
142,1.091
143,1.417
144,4.667
145,1.000
146,11.000
147,1.148
148,1.231
149,1.442
150,1.000
151,1.486
152,1.769
153,2.630
154,1.000
155,1.367
156,2.111
157,1.039
158,1.048
159,1.073
160,1.093
161,1.076
162,1.044
163,1.019
164,1.018
165,1.080
166,2.000
167,1.018
168,1.033
169,1.000
170,1.095
171,1.000
172,1.000
173,1.092
174,1.119
175,1.051
176,1.211
177,1.094
178,1.023
179,1.000
180,1.129
181,1.000
182,1.000
183,1.080
184,1.174
185,1.000
186,1.168
187,1.217
188,1.226
189,1.053
190,1.111
191,1.000
192,1.000
193,1.458
194,1.194
195,11.000
196,1.174
197,1.363
198,1.000
199,1.417
200,4.460
201,4.655
202,4.973
203,1.233
204,1.204
205,1.055
206,1.194
207,2.000
208,1.000
209,1.000
210,1.000
211,1.481
212,1.148
213,1.000
214,1.125
215,1.000
216,1.000
217,1.023
218,1.079
219,1.039
220,1.161
221,1.000
222,1.000
223,1.154
224,1.226
225,1.471
226,1.000
227,1.079
228,1.194
229,3.333
230,1.250
231,1.118
232,1.119
233,1.040
234,1.037
235,1.012
236,1.000
237,1.542
238,1.050
239,1.355
240,1.016
241,1.000
242,1.316
243,1.000
244,1.085
245,1.076
246,1.429
247,1.092
248,1.090
249,1.173
250,1.086
251,1.042
252,1.460
253,1.066
254,1.000
255,1.122
256,1.000
257,1.000
258,1.000
259,1.254
260,1.857
261,1.933
262,3.000
263,1.000
264,1.056
265,1.088
266,1.667
267,1.000
268,1.100
269,1.053
270,1.296
271,1.039
272,1.105
273,1.090
274,1.017
275,1.087
276,1.036
277,1.463
278,1.262
279,1.000
280,1.294
281,1.293
282,1.000
283,1.226
284,1.104
285,3.500
286,1.188
287,1.156
288,1.000
289,3.612
290,4.018
291,1.124
292,1.356
293,1.122
294,1.000
295,1.160
296,1.222
297,1.227
298,1.153
299,1.022
300,1.128
301,1.067
302,1.092
303,1.000
304,1.055
305,1.077
306,1.052
307,1.000
308,6.888
309,1.000
310,1.087
311,1.043
312,1.107
313,1.072
314,1.551
315,1.121
316,1.193
317,3.000
318,1.769
319,1.163
320,1.076
321,1.000
322,1.083
323,1.178
324,1.208
325,1.082
326,1.212
327,1.000
328,1.517
329,1.066
330,1.307
331,1.000
332,1.493
333,1.023
334,1.071
335,1.039
336,1.000
337,1.315
338,1.046
339,1.714
340,1.750
341,1.833
342,3.000
343,1.000
344,6.000
345,1.375
346,1.000
347,2.000
348,1.362
349,1.156
350,1.000
351,1.125
352,2.500
353,1.090
354,1.145
355,1.166
356,1.909
357,7.000
358,1.000
359,1.027
360,1.018
361,1.000
362,1.244
363,1.102
364,1.165
365,1.135
366,1.097
367,1.094
368,1.050
369,1.138
370,1.020
371,1.000
372,1.093
373,1.117
374,1.150
375,1.029
376,1.038
377,1.000
378,1.000
379,1.000
380,1.000
381,1.016
382,1.053
383,1.250
384,1.104
385,1.166
386,1.783
387,1.172
388,1.123
389,1.172
390,1.028
391,1.000
392,1.129
393,1.068
394,1.245
395,1.064
396,1.210
397,1.000
398,1.220
399,1.000
400,1.000
401,2.000
402,4.833
403,3.188
404,1.481
405,1.000
406,1.143
407,1.944
408,2.000
409,2.647
410,4.333
411,1.029
412,1.390
413,1.167
414,1.159
415,1.009
416,1.009
417,1.214
418,1.000
419,4.000
420,1.227
421,1.084
422,1.149
423,1.533
424,1.007
425,1.028
426,1.117
427,1.054
428,1.077
429,1.091
430,1.000
431,1.000
432,1.100
433,1.000
434,1.066
435,1.000
436,1.003
437,1.062
438,1.000
439,2.895
440,1.047
441,1.043
442,1.026
443,1.250
444,1.000
445,1.000
446,1.083
447,1.048
448,1.135
449,1.077
450,1.412
451,1.032
452,1.271
453,1.238
454,1.000
455,1.227
456,4.000
457,11.000
458,1.018
459,1.337
460,1.216
461,1.000
462,1.333
463,1.490
464,4.364
465,5.215
466,1.000
467,11.000
468,1.833
469,1.192
470,1.000
471,1.044
472,3.000
473,1.000
474,1.159
475,1.000
476,1.500
477,1.000
478,1.000
479,1.000
480,3.240
481,2.000
482,1.226
483,1.000
484,1.000
485,1.417
486,1.348
487,1.000
488,1.824
489,2.183
490,1.252
491,1.455
492,1.150
493,1.000
494,5.500
495,2.255
496,1.861
497,3.000
498,1.062
499,1.000
500,1.499
501,1.000
502,1.000
503,1.000
504,1.102
505,3.000
506,1.000
507,1.207
508,1.000
509,5.000
510,2.000
511,1.214
512,2.481
513,5.636
514,1.720
515,1.301
516,2.000
517,1.300
518,1.333
519,1.760
520,1.304
521,1.400
522,1.000
523,1.380
524,1.173
525,1.061
526,1.106
527,1.435
528,1.077
529,9.000
530,1.147
531,1.223
532,1.225
533,1.300
534,1.000
535,1.000
536,1.053
537,1.140
538,1.253
539,1.714
540,1.333
541,2.098
542,1.000
543,1.000
544,1.000
545,1.000
546,1.000
547,1.000
548,1.097
549,1.000
550,1.000
551,5.250
552,1.000
553,2.000
554,2.000
555,6.000
556,2.000
557,1.220
558,1.667
559,1.333
560,1.185
561,1.480
562,1.000
563,1.385
564,1.625
565,1.000
566,1.562
567,1.000
568,1.010
569,1.254
570,1.000
571,6.000
572,1.000
573,1.031
574,1.014
575,1.100
576,1.000
577,11.000
578,2.000
579,1.667
580,3.800
581,3.000
582,2.000
583,3.000
584,4.667
585,1.000
586,1.271
587,1.011
588,1.047
589,1.000
590,1.000
591,1.000
592,1.000
593,1.000
594,1.000
595,1.202
596,4.000
597,1.429
598,2.714
599,1.951
600,1.000
601,1.125
602,4.145
603,5.031
604,3.995
605,4.535
606,4.723
607,4.609
608,1.600
609,1.667
610,1.000
611,6.000
612,1.003
613,1.076
614,3.000
615,1.000
616,1.004
617,2.000
618,2.000
619,1.000
620,11.000
621,1.086
622,1.000
623,1.667
624,2.500
625,1.000
626,1.222
627,1.315
628,5.000
629,1.273
630,1.000
631,1.556
632,2.917
633,1.051
634,1.000
635,1.000
636,1.000
637,1.000
638,1.500
639,1.208
640,1.000
641,4.333
642,1.092
643,1.110
644,1.162
645,1.000
646,1.000
647,1.421
648,1.000
649,1.167
650,1.000
651,11.000
652,1.596
653,1.059
654,1.257
655,1.286
656,4.638
657,4.877
658,5.245
659,5.075
660,1.084
661,1.115
662,2.000
663,1.193
664,1.000
665,1.143
666,1.214
667,4.000
668,1.050
669,2.714
670,1.615
671,1.000
672,1.000
673,1.600
674,1.123
675,1.069
676,1.177
677,1.292
678,1.000
679,1.125
680,1.750
681,1.000
682,1.929
683,2.286
684,1.611
685,1.000
686,4.000
687,1.000
688,3.671
689,4.062
690,1.538
691,1.411
692,1.552
693,2.021
694,1.447
695,1.248
696,1.000
697,1.067
698,1.000
699,1.429
700,1.440
701,1.482
702,1.227
703,1.752
704,1.333
705,1.217
706,1.185
707,1.625
708,2.963
709,2.821
710,2.873
711,2.435
712,1.750
713,2.000
714,1.000
715,1.028
716,1.104
717,3.444
718,11.000
719,1.730
720,1.480
721,4.000
722,1.505
723,1.143
724,1.086
725,1.355
726,1.444
727,1.142
728,1.000
729,1.595
730,1.828
731,1.625
732,1.000
733,1.000
734,11.000
735,1.000
736,1.000
737,1.000
738,1.600
739,1.150
740,3.000
741,3.000
742,5.000
743,1.667
744,3.172
745,2.000
746,1.600
747,1.010
748,1.000
749,1.234
750,1.000
751,1.422
752,2.000
753,1.400
754,3.791
755,4.026
756,1.000
757,1.053
758,6.000
759,1.025
760,1.345
761,1.000
762,1.000
763,1.000
764,1.156
765,1.000
766,1.000
767,1.109
768,1.058
769,2.200
770,1.017
771,2.000
772,1.000
773,1.333
774,1.000
775,3.000
776,3.000
777,1.189
778,1.500
779,1.010
780,1.000
781,1.909
782,1.000
783,2.000
784,1.000
785,11.000
786,2.825
787,3.917
788,11.000
789,1.500
790,1.158
791,2.250
792,1.000
793,1.000
794,1.000
795,1.500
796,1.082
797,6.250
798,1.152
799,1.143
800,3.769
801,4.579
802,1.000
803,3.697
804,3.775
805,4.223
806,4.171
807,3.023
808,5.040
809,2.457
810,4.171
811,6.083
812,11.000
813,5.400
814,4.111
815,1.667
816,3.857
817,4.723
818,4.000
819,3.667
820,11.000
821,6.000
822,4.690
823,5.000
824,4.500
825,5.000
826,7.667
827,5.534
828,4.465
829,4.562
830,4.383
831,4.833
832,8.000
833,6.000
834,4.529
835,4.000
836,5.764
837,6.112
838,1.000
839,2.000
840,5.122
841,5.275
842,2.000
843,5.891
844,7.000
845,5.000
846,11.000
847,4.400
848,5.000
849,4.500
850,8.000
851,3.500
852,11.000
853,3.889
854,5.833
855,3.750
856,1.000
857,5.400
858,4.776
859,5.120
860,4.400
861,4.680
862,3.938
863,4.380
864,3.400
865,5.282
866,4.938
867,4.808
868,2.714
869,1.667
870,5.000
871,6.000
872,5.393
873,6.090
874,4.750
875,2.778
876,6.167
877,1.667
878,1.500
879,7.000
880,7.333
881,2.500
882,2.250
883,3.857
884,4.000
885,4.817
886,5.300
887,5.717
888,6.715
889,1.000
890,1.055
891,1.031
892,1.048
893,1.020
894,1.150
895,1.006
896,1.007
897,1.000
898,1.032
899,1.337
900,1.041
901,1.084
902,1.075
903,1.083
904,1.000
905,1.173
906,1.000
907,1.066
908,1.060
909,1.026
910,1.040
911,1.017
912,1.049
913,1.023
914,1.036
915,1.000
916,1.000
917,1.067
918,1.111
919,1.000
920,1.000
921,1.022
922,1.000
923,1.030
924,1.073
925,1.000
926,1.006
927,1.063
928,1.125
929,1.000
930,1.064
931,1.314
932,1.063
933,1.000
934,1.088
935,1.104
936,1.045
937,1.028
938,1.236
939,1.009
940,1.140
941,1.058
942,1.059
943,1.137
944,1.161
945,1.102
946,1.137
947,1.058
948,1.000
949,1.054
950,1.076
951,1.062
952,1.230
953,1.000
954,1.113
955,1.054
956,1.086
957,1.085
958,1.050
959,1.625
960,1.128
961,1.044
962,1.000
963,1.000
964,1.194
965,1.000
966,1.838
967,1.279
968,1.006
969,1.031
970,1.118
971,1.000
972,1.130
973,1.074
974,1.078
975,1.037
976,1.053
977,1.298
978,1.091
979,1.077
980,1.000
981,1.409
982,1.010
983,1.113
984,1.079
985,1.198
986,1.101
987,1.034
988,1.033
989,1.090
990,1.000
991,1.375
992,1.132
993,1.035
994,1.122
995,1.012
996,1.000
997,1.072
998,1.000
999,1.032
1000,1.009
1001,1.000
1002,1.125
1003,1.046
1004,1.054
1005,1.069
1006,1.000
1007,1.095
1008,1.000
1009,1.052
1010,1.030
1011,1.265
1012,1.188
1013,1.000
1014,1.000
1015,1.174
1016,1.000
1017,1.410
1018,1.235
1019,1.300
1020,1.000
1021,1.000
1022,1.800
1023,3.000
1024,1.308
1025,3.500
1026,1.308
1027,1.000
1028,1.106
1029,1.028
1030,1.035
1031,1.125
1032,6.000
1033,1.667
1034,1.043
1035,1.000
1036,1.057
1037,1.000
1038,1.119
1039,1.800
1040,1.254
1041,1.183
1042,1.067
1043,1.007
1044,1.286
1045,1.000
1046,1.003
1047,1.066
1048,1.000
1049,1.000
1050,1.425
1051,1.482
1052,1.000
1053,1.102
1054,1.113
1055,1.175
1056,1.350
1057,1.191
1058,1.066
1059,1.192
1060,1.111
1061,1.042
1062,1.071
1063,1.000
1064,1.105
1065,1.364
1066,6.000
1067,1.069
1068,1.286
1069,1.000
1070,3.000
1071,1.053
1072,1.018
1073,1.043
1074,1.109
1075,1.023
1076,1.018
1077,1.129
1078,1.000
1079,1.038
1080,1.000
1081,1.047
1082,1.028
1083,1.060
1084,1.074
1085,1.034
1086,1.086
1087,1.114
1088,1.119
1089,1.068
1090,1.071
1091,1.173
1092,1.030
1093,1.017
1094,1.063
1095,1.000
1096,1.296
1097,1.022
1098,1.000
1099,1.000
1100,1.053
1101,1.105
1102,1.000
1103,1.000
1104,1.077
1105,1.051
1106,1.224
1107,1.610
1108,1.045
1109,1.341
1110,1.045
1111,4.333
1112,1.000
1113,1.042
1114,1.062
1115,1.022
1116,1.041
1117,1.000
1118,1.184
1119,1.053
1120,1.073
1121,1.091
1122,1.312
1123,1.000
1124,1.000
1125,1.000
1126,1.214
1127,1.074
1128,1.078
1129,1.000
1130,1.187
1131,1.109
1132,1.066
1133,1.402
1134,1.000
1135,1.000
1136,1.033
1137,1.667
1138,1.000
1139,1.039
1140,1.086
1141,1.157
1142,1.000
1143,1.031
1144,1.083
1145,1.280
1146,1.178
1147,1.208
1148,1.049
1149,1.172
1150,1.255
1151,1.055
1152,1.064
1153,1.000
1154,1.018
1155,1.000
1156,1.229
1157,1.083
1158,1.000
1159,1.214
1160,1.000
1161,1.015
1162,1.074
1163,1.051
1164,1.078
1165,1.167
1166,1.024
1167,1.240
1168,1.171
1169,1.005
1170,1.228
1171,1.056
1172,1.169
1173,1.059
1174,1.000
1175,1.186
1176,1.303
1177,1.006
1178,1.031
1179,1.147
1180,1.172
1181,1.871
1182,1.140
1183,1.113
1184,1.070
1185,1.026
1186,1.023
1187,1.300
1188,1.000
1189,1.714
1190,1.132
1191,1.084
1192,1.000
1193,1.000
1194,1.069
1195,1.066
1196,1.024
1197,1.054
1198,1.000
1199,1.000
1200,1.000
1201,1.000
1202,1.000
1203,1.042
1204,1.104
1205,1.000
1206,1.074
1207,1.000
1208,1.162
1209,1.000
1210,1.000
1211,1.000
1212,4.250
1213,1.000
1214,1.321
1215,1.118
1216,1.035
1217,1.000
1218,1.062
1219,1.044
1220,1.047
1221,1.107
1222,1.069
1223,1.225
1224,1.125
1225,1.000
1226,1.000
1227,1.300
1228,1.071
1229,1.100
1230,1.036
1231,1.392
1232,1.122
1233,1.017
1234,1.000
1235,1.000
1236,1.072
1237,1.000
1238,1.115
1239,1.188
1240,1.000
1241,1.167
1242,2.000
1243,1.184
1244,1.000
1245,1.119
1246,1.160
1247,1.116
1248,1.072
1249,1.035
1250,1.107
1251,1.000
1252,2.000
1253,1.000
1254,1.057
1255,1.000
1256,1.007
1257,1.172
1258,1.114
1259,1.402
1260,1.562
1261,2.092
1262,1.613
1263,1.000
1264,3.333
1265,1.000
1266,1.000
1267,1.019
1268,1.066
1269,1.051
1270,1.000
1271,1.259
1272,1.000
1273,1.061
1274,1.429
1275,1.000
1276,1.000
1277,1.367
1278,4.000
1279,1.000
1280,1.000
1281,1.000
1282,1.447
1283,1.024
1284,1.172
1285,1.000
1286,2.000
1287,1.080
1288,1.000
1289,1.000
1290,1.053
1291,1.070
1292,1.111
1293,1.194
1294,5.000
1295,1.143
1296,1.059
1297,1.647
1298,1.000
1299,1.035
1300,1.053
1301,1.186
1302,1.000
1303,1.126
1304,1.000
1305,1.000
1306,1.130
1307,1.109
1308,1.235
1309,1.106
1310,1.071
1311,1.191
1312,1.031
1313,1.000
1314,1.000
1315,1.000
1316,1.291
1317,1.146
1318,1.000
1319,1.053
1320,1.000
1321,1.141
1322,1.000
1323,1.265
1324,1.036
1325,1.024
1326,1.133
1327,1.182
1328,1.000
1329,1.000
1330,1.000
1331,1.333
1332,1.133
1333,1.000
1334,1.000
1335,1.074
1336,1.190
1337,1.115
1338,1.114
1339,1.134
1340,1.000
1341,1.268
1342,3.000
1343,1.000
1344,1.227
1345,1.056
1346,1.000
1347,11.000
1348,1.154
1349,3.000
1350,1.000
1351,1.000
1352,1.033
1353,1.000
1354,3.000
1355,1.000
1356,1.071
1357,1.769
1358,1.085
1359,1.166
1360,1.110
1361,1.009
1362,1.166
1363,1.140
1364,1.099
1365,1.077
1366,1.233
1367,1.119
1368,1.156
1369,1.069
1370,1.000
1371,1.008
1372,4.333
1373,1.000
1374,1.000
1375,1.397
1376,1.370
1377,1.081
1378,1.151
1379,1.135
1380,1.120
1381,1.000
1382,1.033
1383,1.667
1384,1.000
1385,1.000
1386,1.000
1387,1.000
1388,1.294
1389,1.079
1390,1.114
1391,1.069
1392,1.030
1393,1.081
1394,1.123
1395,1.051
1396,1.071
1397,1.048
1398,4.000
1399,1.207
1400,1.000
1401,1.089
1402,1.058
1403,1.588
1404,3.953
1405,1.174
1406,1.786
1407,1.000
1408,1.045
1409,1.108
1410,1.000
1411,1.000
1412,1.470
1413,1.000
1414,1.000
1415,2.375
1416,1.789
1417,1.024
1418,1.000
1419,1.068
1420,1.027
1421,1.281
1422,1.020
1423,1.025
1424,1.030
1425,1.057
1426,1.062
1427,1.054
1428,1.052
1429,1.093
1430,1.000
1431,1.605
1432,1.000
1433,1.000
1434,1.000
1435,1.530
1436,1.478
1437,1.612
1438,1.000
1439,1.051
1440,1.116
1441,1.410
1442,1.000
1443,1.397
1444,2.500
1445,1.579
1446,4.500
1447,1.000
1448,1.767
1449,1.191
1450,1.437
1451,1.000
1452,1.000
1453,1.000
1454,11.000
1455,4.333
1456,7.000
1457,3.250
1458,11.000
1459,1.000
1460,3.250
1461,3.500
1462,2.640
1463,5.000
1464,4.827
1465,1.000
1466,3.667
1467,5.718
1468,2.929
1469,1.000
1470,5.750
1471,5.429
1472,8.000
1473,1.500
1474,2.000
1475,4.500
1476,2.000
1477,4.976
1478,2.571
1479,5.263
1480,2.000
1481,3.000
1482,5.667
1483,1.000
1484,1.000
1485,5.529
1486,8.500
1487,2.000
1488,2.750
1489,1.000
1490,3.600
1491,5.188
1492,1.035
1493,1.000
1494,1.044
1495,1.030
1496,1.134
1497,1.000
1498,1.037
1499,1.052
1500,1.033
1501,1.025
1502,1.052
1503,1.000
1504,1.116
1505,1.024
1506,1.056
1507,1.027
1508,1.021
1509,1.067
1510,1.400
1511,1.056
1512,1.000
1513,1.024
1514,1.500
1515,1.025
1516,1.040
1517,1.004
1518,1.057
1519,1.190
1520,1.168
1521,1.053
1522,1.071
1523,1.147
1524,1.086
1525,1.085
1526,1.063
1527,1.667
1528,1.278
1529,1.189
1530,1.004
1531,1.052
1532,1.053
1533,1.037
1534,1.183
1535,1.488
1536,1.151
1537,1.069
1538,1.220
1539,1.193
1540,1.247
1541,1.031
1542,1.455
1543,1.000
1544,1.000
1545,1.105
1546,1.064
1547,1.291
1548,1.006
1549,1.016
1550,1.058
1551,1.081
1552,1.049
1553,1.909
1554,1.077
1555,1.078
1556,1.500
1557,1.069
1558,1.000
1559,1.220
1560,1.000
1561,1.000
1562,1.000
1563,11.000
1564,1.240
1565,1.067
1566,1.168
1567,1.026
1568,1.165
1569,1.000
1570,1.000
1571,1.019
1572,1.093
1573,1.150
1574,1.024
1575,1.009
1576,1.034
1577,1.957
1578,1.000
1579,2.703
1580,1.000
1581,4.000
1582,1.800
1583,3.375
1584,2.500
1585,5.000
1586,1.865
1587,1.250
1588,9.667
1589,3.889
1590,3.000
1591,6.231
1592,3.000
1593,3.143
1594,1.000
1595,5.797
1596,3.091
1597,3.043
1598,3.068
1599,4.250
1600,1.000
1601,1.116
1602,1.062
1603,1.000
1604,1.029
1605,1.067
1606,1.062
1607,1.000
1608,2.235
1609,1.000
1610,3.000
1611,1.000
1612,1.000
1613,1.129
1614,1.500
1615,1.120
1616,1.051
1617,1.000
1618,1.086
1619,1.000
1620,1.000
1621,1.333
1622,1.071
1623,1.082
1624,1.000
1625,1.000
1626,1.000
1627,1.000
1628,1.065
1629,1.000
1630,1.043
1631,1.000
1632,1.006
1633,1.000
1634,1.055
1635,1.057
1636,1.017
1637,1.000
1638,1.000
1639,1.000
1640,1.012
1641,1.000
1642,2.000
1643,5.839
1644,1.000
1645,4.974
1646,5.447
1647,2.722
1648,2.375
1649,4.167
1650,2.000
1651,1.000
1652,1.846
1653,1.941
1654,4.375
1655,4.509
1656,7.000
1657,4.225
1658,3.778
1659,3.920
1660,1.824
1661,4.000
1662,7.000
1663,4.446
1664,1.000
1665,3.375
1666,4.831
1667,4.357
1668,4.826
1669,2.619
1670,4.774
1671,3.611
1672,5.318
1673,2.941
1674,3.846
1675,5.359
1676,2.411
1677,3.685
1678,3.400
1679,1.022
1680,1.019
1681,1.061
1682,1.040
1683,1.010
1684,1.163
1685,1.117
1686,1.053
1687,1.033
1688,1.067
1689,1.050
1690,1.011
1691,1.016
1692,1.061
1693,1.000
1694,1.000
1695,1.000
1696,1.000
1697,1.000
1698,1.000
1699,1.000
1700,1.076
1701,1.000
1702,1.000
1703,1.350
1704,1.000
1705,1.063
1706,1.260
1707,1.103
1708,1.000
1709,1.000
1710,1.089
1711,1.184
1712,1.014
1713,1.055
1714,1.160
1715,1.000
1716,1.016
1717,1.093
1718,1.029
1719,1.286
1720,1.000
1721,1.087
1722,11.000
1723,1.108
1724,1.000
1725,1.170
1726,1.000
1727,1.000
1728,1.138
1729,1.017
1730,1.072
1731,1.063
1732,1.076
1733,1.036
1734,1.000
1735,1.034
1736,1.027
1737,1.055
1738,1.066
1739,1.085
1740,1.049
1741,1.052
1742,1.022
1743,1.103
1744,1.000
1745,6.000
1746,1.080
1747,1.000
1748,1.018
1749,1.045
1750,1.057
1751,1.057
1752,1.036
1753,1.130
1754,1.171
1755,1.093
1756,1.140
1757,1.040
1758,1.241
1759,1.187
1760,1.025
1761,1.079
1762,1.056
1763,1.061
1764,1.161
1765,1.508
1766,1.059
1767,1.026
1768,1.085
1769,1.028
1770,1.091
1771,1.071
1772,1.105
1773,1.120
1774,1.055
1775,1.059
1776,1.087
1777,1.316
1778,1.068
1779,1.091
1780,1.184
1781,1.169
1782,1.273
1783,1.000
1784,1.000
1785,1.000
1786,1.000
1787,1.103
1788,1.043
1789,1.060
1790,1.120
1791,1.242
1792,1.667
1793,1.000
1794,1.263
1795,1.000
1796,1.011
1797,1.038
1798,1.086
1799,1.093
1800,1.050
1801,1.049
1802,1.244
1803,1.330
1804,1.084
1805,1.123
1806,1.267
1807,1.238
1808,1.167
1809,1.259
1810,1.080
1811,1.045
1812,1.250
1813,1.000
1814,1.000
1815,1.071
1816,1.000
1817,1.000
1818,1.571
1819,4.000
1820,1.000
1821,1.000
1822,11.000
1823,1.200
1824,3.800
1825,1.016
1826,1.812
1827,1.133
1828,1.731
1829,1.000
1830,1.385
1831,1.000
1832,1.000
1833,1.000
1834,2.000
1835,1.714
1836,1.340
1837,1.000
1838,2.500
1839,1.000
1840,1.033
1841,1.000
1842,1.541
1843,1.010
1844,1.040
1845,1.037
1846,1.038
1847,1.046
1848,1.000
1849,1.000
1850,1.023
1851,1.106
1852,1.059
1853,1.000
1854,1.124
1855,1.092
1856,1.300
1857,1.205
1858,1.039
1859,1.131
1860,1.285
1861,1.269
1862,1.127
1863,2.000
1864,1.093
1865,1.000
1866,1.220
1867,2.182
1868,1.292
1869,1.030
1870,1.000
1871,1.011
1872,1.124
1873,1.069
1874,1.091
1875,1.104
1876,1.000
1877,1.000
1878,1.250
1879,1.110
1880,1.386
1881,2.143
1882,1.152
1883,1.014
1884,1.192
1885,1.047
1886,1.000
1887,1.000
1888,1.355
1889,1.070
1890,1.068
1891,1.174
1892,1.072
1893,1.072
1894,1.057
1895,1.239
1896,1.122
1897,1.043
1898,1.200
1899,1.278
1900,1.242
1901,1.099
1902,1.075
1903,1.088
1904,1.044
1905,1.164
1906,1.054
1907,1.025
1908,1.000
1909,3.000
1910,1.189
1911,1.029
1912,1.000
1913,1.125
1914,1.646
1915,1.344
1916,1.024
1917,1.043
1918,1.188
1919,1.234
1920,1.235
1921,1.226
1922,1.046
1923,1.000
1924,1.092
1925,1.128
1926,1.083
1927,1.108
1928,1.020
1929,1.058
1930,1.171
1931,1.000
1932,1.000
1933,1.087
1934,1.418
1935,1.148
1936,1.000
1937,1.011
1938,1.857
1939,1.000
1940,1.000
1941,1.000
1942,1.008
1943,1.250
1944,1.171
1945,1.375
1946,1.000
1947,1.000
1948,2.167
1949,1.473
1950,1.372
1951,1.136
1952,1.000
1953,1.000
1954,1.000
1955,2.333
1956,1.124
1957,1.151
1958,1.000
1959,1.000
1960,2.000
1961,1.091
1962,2.444
1963,1.075
1964,1.075
1965,1.000
1966,1.062
1967,1.062
1968,11.000
1969,1.000
1970,1.000
1971,1.006
1972,1.034
1973,1.000
1974,1.043
1975,1.016
1976,1.038
1977,1.103
1978,1.071
1979,1.000
1980,1.273
1981,1.144
1982,1.000
1983,1.012
1984,1.073
1985,1.111
1986,1.011
1987,1.013
1988,1.000
1989,1.000
1990,1.733
1991,1.003
1992,1.014
1993,1.006
1994,1.045
1995,1.000
1996,1.000
1997,1.025
1998,1.094
1999,1.093
2000,1.009
2001,1.046
2002,1.055
2003,1.029
2004,1.000
2005,3.200
2006,1.000
2007,1.324
2008,1.215
2009,1.000
2010,1.000
2011,1.097
2012,1.040
2013,1.000
2014,1.022
2015,1.000
2016,1.013
2017,1.000
2018,1.000
2019,1.000
2020,1.000
2021,1.010
2022,1.268
2023,1.000
2024,1.021
2025,1.000
2026,1.249
2027,1.000
2028,1.000
2029,1.000
2030,1.000
2031,1.333
2032,1.000
2033,1.000
2034,1.046
2035,1.008
2036,1.004
2037,1.094
2038,1.000
2039,2.000
2040,1.044
2041,1.000
2042,1.000
2043,1.050
2044,1.110
2045,1.000
2046,1.022
2047,1.087
2048,1.000
2049,1.000
2050,1.026
2051,1.000
2052,1.000
2053,1.256
2054,1.000
2055,6.000
2056,1.154
2057,1.435
2058,1.277
2059,1.286
2060,11.000
2061,1.149
2062,1.053
2063,1.286
2064,1.041
2065,1.000
2066,1.058
2067,1.000
2068,1.000
2069,1.053
2070,1.889
2071,1.000
2072,1.750
2073,2.000
2074,2.500
2075,4.750
2076,5.200
2077,5.250
2078,2.750
2079,3.952
2080,3.533
2081,1.000
2082,3.387
2083,1.600
2084,3.083
2085,2.000
2086,4.350
2087,5.388
2088,2.957
2089,3.889
2090,3.500
2091,3.667
2092,2.296
2093,2.778
2094,4.545
2095,3.000
2096,4.836
2097,5.213
2098,4.907
2099,5.098
2100,4.908
2101,4.817
2102,4.567
2103,5.096
2104,3.182
2105,2.875
2106,2.600
2107,3.000
2108,2.833
2109,4.407
2110,4.375
2111,4.452
2112,2.000
2113,4.444
2114,2.600
2115,1.462
2116,1.000
2117,1.000
2118,1.350
2119,2.000
2120,2.000
2121,1.000
2122,2.000
2123,4.000
2124,1.000
2125,1.000
2126,1.039
2127,2.000
2128,1.087
2129,1.060
2130,1.000
2131,1.000
2132,1.024
2133,3.000
2134,1.000
2135,1.569
2136,1.000
2137,1.667
2138,1.000
2139,1.000
2140,1.017
2141,1.064
2142,1.025
2143,1.034
2144,1.056
2145,1.067
2146,1.074
2147,1.033
2148,1.025
2149,1.068
2150,1.000
2151,1.042
2152,1.039
2153,1.058
2154,1.148
2155,1.000
2156,1.000
2157,1.130
2158,1.500
2159,2.000
2160,11.000
2161,1.466
2162,1.043
2163,1.000
2164,1.000
2165,1.021
2166,1.433
2167,1.000
2168,1.000
2169,1.031
2170,2.000
2171,1.000
2172,1.222
2173,1.062
2174,1.175
2175,1.000
2176,1.000
2177,1.000
2178,2.000
2179,1.000
2180,1.750
2181,1.000
2182,1.000
2183,5.263
2184,7.000
